4814
4829
4837
4839
4840
4841
4846
4847
4850
4864
4866
4868
4874
4885
4896
4897
4903
4909
4911
4914
4918
4920
4921
4922
4923
4924
4926
4927
4929
4931
4932
4934
4944
4947
4950
4952
4954
4955
4956
4957
4959
4972
4973
4974
4995
4999
5003
5005
5007
5011
5012
5016
5017
5022
5025
5028
5037
5039
5041
5044
5046
5047
5050
5053
5054
5057
5059
5061
5062
5065
5066
5067
5068
5074
5075
5076
5077
5078
5079
5082
5083
5088
5093
5098
5101
5111
5113
5116
5127
5128
5132
5141
5142
5147
5158
5162
5163
5173
5174
5180
5194
5207
5208
5210
5211
5212
5217
5221
5270
5272
5278
5286
5288
5315
5319
5321
5322
5323
5325
5327
5331
5334
5341
5343
5353
5364
5370
5374
5383
5411
5412
5414
5417
5418
5440
5454
5460
5464
5466
5467
5474
5476
5477
5478
5479
5480
5481
5482
5483
5486
5488
5489
5490
5491
5492
5493
5495
5499
5501
5503
5507
5508
5514
5515
5516
5518
5520
5523
5530
5535
5537
5539
5541
5544
5547
5548
5551
5554
5580
5595
5597
5599
5601
5619
5621
5627
5630
5632
5636
5643
5970
6035
6039
12942
13290
13291
13368
13370
13502
13563
13684
13706
27288
27289
27291
27292
27293
27294
27295
27296
27297
27298
27299
27301
27302
27304
27305
27306
27309
27311
27313
27315
27317
27321
27322
27323
27324
27325
27326
27327
27328
27332
27333
27334
27335
27337
27339
27342
27343
27345
27349
27350
27357
27358
27376
27381
27973
28548
28549
28550
28551
28555
28565
28566
28567
28572
28573
28576
28985
28986
28995
29001
29003
29829
29830
29831
29833
29835
29838
29845
29847
29852
29856
29875
29879
29881
29892
29893
29897
29898
29902
29908
29910
29911
29917
29919
29922
29924
31870
33161
33165
33175
33176
33178
33186
33190
33199
33203
33205
34356
34357
34358
34364
34381
34386
34387
34388
34393
34406
34407
34458
34465
34470
34475
34480
34485
35629
35717
35722
35725
36015
36016
36017
36018
36021
36022
36023
36024
36025
36026
36028
36029
36031
36032
36033
36035
36036
36038
36040
36043
36044
36050
36055
36056
36057
36058
36066
36080
36630
36643
36646
36651
36655
36656
36779
36781
36907
36909
36911
36912
36914
36916
36918
36927
37232
37468
37662
37727
37769
37782
37992
37994
38000
38003
38004
38005
38006
38033
38038
38082
38443
38448
38451
38457
38488
38492
38802
38945
39291
39317
39397
39412
39416
39680
39966
40135
40145
40199
40220
40262
40267
40296
40302
40355
40380
40381
40382
40410
40419
40442
40450
40462
40469
40481
40482
40483
40490
40559
40563
40597
40601
40658
40695
40994
40997
40998
41047
41053
41058
41061
41062
41067
41068
41122
41412
41414
41418
41688
41725
41731
41734
41735
41742
41743
41746
41747
41757
41759
41761
41804
41984
41990
42067
42068
42149
42249
42251
42258
42260
42327
42361
42374
42375
42442
42458
42469
42551
42659
42661
42665
42666
42668
42669
42671
42672
42673
42676
42677
42747
42805
43049
43265
43433
43958
43959
43962
43963
43968
43970
43972
43974
43975
43976
43981
43982
43983
43984
43985
44065
44066
44067
44068
44070
44071
44072
44073
44074
44075
44076
44078
44079
44080
44082
44085
44089
44090
44091
44092
44093
44322
44383
44411
44412
44442
44608
44609
44617
44622
44623
44941
45130
45133
45134
45151
45154
45235
45277
45280
45286
45303
45341
45342
45346
45354
45357
45428
45501
45502
45504
45506
45509
45510
45511
45512
45513
45514
45515
45516
45517
45518
45521
45522
45524
45525
45526
45529
45533
45535
45537
45538
45539
45541
45542
45543
45547
45548
45549
45550
45551
45552
45553
45554
45555
45558
45559
45560
45561
45562
45565
45567
45568
45569
45571
45573
45574
45575
45577
45579
45582
45583
45587
45588
45589
45593
45594
45595
45597
45599
45600
45601
45603
45606
45607
45609
45614
45615
45788
45790
45792
45794
45796
45847
46028
46168
46252
46361
46472
46582
46583
46584
46585
46634
47183
47195
47205
47213
47235
47236
47266
47278
47425
47426
47427
47428
47429
47430
47662
47721
47741
47755
47756
47801
47802
47803
48021
48095
48097
48098
48100
48140
48147
48148
48254
48255
48394
48484
48485
48486
48487
48488
48490
48491
48492
48493
48495
48496
48507
48561
48563
48568
48569
48574
48578
48579
48586
48587
48588
48589
48592
48593
48692
48697
48703
48864
48865
49012
49224
49321
49323
49324
49325
49327
49328
49329
49330
49331
49332
49333
49334
49335
49336
49569
49969
50260
50262
50263
50265
50267
50376
50381
50730
50926
50943
50956
50990
51156
51221
51284
51453
51541
51564
51565
51567
51576
51582
51620
51656
51657
51658
51660
51912
51913
51914
51915
51917
51918
51920
51921
51922
51923
51924
51925
51926
51927
51930
51932
51933
51934
52247
52248
52249
52252
52253
52254
52255
52256
52586
52881
52883
53485
53486
53487
53488
53489
53490
53491
53492
53493
53495
53496
53603
53604
53607
53641
53643
53644
53645
53646
53647
53648
53649
53655
53656
53657
53658
53659
53660
53683
53685
53686
53937
53939
53940
54045
54046
54092
54093
54094
54095
54097
54098
54099
54100
54101
54102
54103
54193
54194
54195
54196
54550
54551
54552
54553
54673
54687
54693
54790
54899
55169
55181
55194
55200
55307
55340
55350
55514
55588
56170
56174
56187
56191
56406
56408
56409
56411
56413
56415
56417
56418
56469
56483
56493
56615
56641
56642
56646
56665
56674
56676
56871
56873
56874
57143
57145
57148
57149
57150
57153
57154
57155
57161
57168
57193
57460
57462
57485
57679
58128
58291
58369
58627
58630
58632
58633
58634
58635
58640
58839
58853
58908
58918
58919
59557
59586
59765
60134
60169
60171
60172
60175
60185
60444
60458
60492
61186
61193
61194
61207
61235
61262
61273
61284
61366
61369
61370
61372
61374
61395
61397
61414
61420
61424
61459
61495
61658
62069
62139
62683
62690
62708
62714
62727
62758
63131
63189
63214
63378
63383
63387
63396
63405
63406
63577
63820
63821
64355
64363
64368
64369
64372
64416
64417
64495
64504
64505
64508
64509
64517
64518
64522
64523
64524
64525
64567
64571
64574
64609
64631
64632
64636
64638
64639
64641
64647
64648
64656
64657
64659
64660
65468
65477
65804
65805
65811
65818
65819
66518
66738
66948
67622
67708
67723
67725
67733
68401
68746
68762
68775
68777
68788
68825
68827
68879
69488
69766
69771
69773
69774
69780
69781
69785
69787
69788
69789
69791
69804
69891
69893
69976
70096
70099
70100
70105
70113
70558
70751
70792
70808
71246
71559
71668
71688
71717
71782
71784
71891
71895
71905
71929
71933
71945
71954
71955
71958
71964
71966
71967
72027
72032
72124
72129
72144
72228
72359
72559
72568
72712
72745
73001
73230
73499
73501
73517
73518
73520
73868
73896
74035
74104
74404
74410
74498
74499
74722
74830
75553
75732
75733
75734
75736
75750
75811
75915
76130
76328
76405
76773
76774
76775
76776
76777
76867
76940
77020
77044
77046
77205
77846
77849
77851
77852
78068
78070
78118
78402
78403
78410
78413
78474
78861
78863
78864
78898
78907
78915
78921
79018
79220
79249
79252
79588
79589
79591
79593
79798
79813
79858
79931
80383
80388
80391
80570
80578
80583
80590
80599
80600
80606
80609
80623
80655
80661
80668
80672
80884
81056
81058
81478
82102
82268
82508
82509
82510
82513
82514
82516
82517
82520
82521
82522
82524
82525
83184
83186
83212
83296
83478
83679
83788
84127
84275
84562
84603
84607
84751
84753
84754
85125
85572
85573
85574
85575
85828
85927
85971
85976
85980
85995
85999
86028
86049
86056
86256
86257
86259
86545
86546
86547
86621
86630
86635
86786
86787
86788
86794
86802
86804
86836
86837
86838
86839
87101
87122
87126
87228
87229
87230
87252
87257
87259
87264
87271
87276
87280
87284
87287
87325
87895
88642
88742
88744
88771
89137
89139
89141
89174
89421
89487
89488
89489
89491
89913
89916
89919
89921
89922
89926
89928
89934
89940
90004
90251
90253
90255
90259
90262
90267
90344
90403
90408
90978
91039
91480
91492
91625
91626
91752
91920
91925
91928
91930
91943
92637
92696
92897
92902
92950
92952
93033
93489
93591
93593
93624
93625
94023
94130
94208
94218
94610
95322
95740
95742
95809
95810
95811
96317
96318
96373
96404
96497
96499
96774
97093
97096
97098
97331
97359
97377
97479
97480
97972
98230
98233
98342
98346
98349
98403
98667
98760
98765
98777
98861
99116
100019
100035
100367
100756
100787
100816
100902
100903
100951
101028
101091
101096
101097
101098
101103
101105
101107
101115
101117
101121
101123
101127
101128
101130
101142
101162
101201
101475
101480
101854
102001
103385
103428
103429
104198
104221
104224
104259
104341
104357
104402
104405
104408
104411
104414
104415
104416
104417
104675
105351
105482
105696
105697
105713
105714
105766
105768
105769
105771
105984
105997
106002
106004
106015
106018
106403
107426
107463
107579
108018
108355
108428
108461
108569
108571
108572
108891
108892
108901
109264
109331
109372
109381
109633
109634
109635
109636
109871
109884
109889
109894
109895
109897
109899
109932
109936
109957
110081
110093
110238
110255
110523
110526
110534
110536
110540
110542
110543
110545
110547
110548
111012
111137
111140
111141
111463
111641
111643
111649
111670
112126
112128
112131
112178
112263
112416
112417
112447
112498
113071
113226
113602
113605
113606
113607
113608
113614
113626
113634
114155
114231
114497
114524
114525
114771
114773
114800
114808
114810
114812
114814
114818
114840
115235
115786
115983
116051
116603
116793
116794
116798
116812
116821
116970
117010
117017
117018
117024
117065
117066
117069
117070
117174
117179
117187
117547
117820
118266
118614
118975
119927
119933
119953
120017
120029
120039
120040
120041
120042
120295
120296
120297
120644
120645
120825
121037
121040
121042
121045
121046
121052
121232
121233
121235
121466
121467
121468
121618
121624
121627
121759
122368
122381
123648
123925
124036
124099
124418
126998
127596
127956
128442
129132
129314
129387
129510
129515
129518
129524
129729
130807
130808
130809
130810
130813
130814
130815
131113
131340
131363
131364
131541
132096
132109
132184
132259
132580
132584
133377
133381
133383
133385
133412
135208
135283
135453
135455
135456
135514
135589
135779
135832
135833
136276
136282
136370
136371
136613
137743
138064
138065
138068
138275
138277
138278
138279
138282
138285
138288
139077
139080
139277
139406
139407
139415
139639
139640
139641
139825
140312
141855
142670
143232
143450
143884
143885
144049
144530
144538
144539
144541
144679
144697
145387
145392
145971
146777
146781
146866
147329
147331
147332
147333
147334
147335
147472
147558
147560
147567
148097
148098
148305
148631
148633
148634
148818
149040
149392
150206
150208
150224
150365
150374
150398
150784
150792
150797
150877
152308
152316
152502
152933
152947
152958
152963
152964
152965
152966
152972
153505
153910
153913
153914
153919
153920
153982
154344
154538
155012
155126
155416
155417
155651
155671
155675
155725
155726
155889
156610
156630
157171
157179
157181
157182
157183
157291
157292
157483
157611
158046
158314
158606
158607
160031
160053
160281
160290
160324
160389
160502
160517
160864
160954
160984
161662
161685
161743
161806
161987
161991
162425
163290
163304
163795
164164
164418
164538
164539
164540
164576
164912
164924
165582
165583
165588
165777
165778
166050
166112
166479
166631
166633
167356
167371
167374
167740
168172
168316
168475
168509
168555
168922
169037
169141
169388
169489
169506
169507
169509
169510
170000
170178
170179
170446
170559
171347
171480
172326
172328
172617
172621
172635
172642
173184
173218
174043
174044
174045
174049
174053
174056
174060
174062
174067
174070
174074
174076
174080
174425
174643
174685
175648
175686
176009
176160
176163
176164
176166
176167
176168
176169
176173
176176
176178
176181
176275
176453
176626
177199
178565
178870
178871
178872
178876
179144
179343
179392
179775
179855
179993
180088
180424
180477
180479
180528
180776
180788
181014
181017
181046
181123
181124
181172
181174
181175
181343
181527
181602
181762
181775
181776
181874
181886
181965
182000
182015
182055
182062
182063
182092
182096
182627
182632
182636
182791
182845
182846
182849
183478
183586
183959
183961
184061
184108
184409
184978
185366
187221
189055
189452
190013
190048
190371
191047
191104
191333
191334
192009
192010
192011
192523
192524
194682
195108
195770
195777
195789
196064
196109
196135
196228
196765
196907
197054
197659
197672
197673
197674
198730
199306
199339
200324
200334
201213
201217
201775
202700
202914
203079
203082
203109
203384
203535
203536
203904
205622
205639
205686
205761
205917
205924
206335
206542
207832
207937
208348
208960
209136
209281
209285
209465
209559
209853
210207
210430
211096
211097
211098
211099
211102
212602
212818
213319
214684
215243
215250
215456
215460
215461
215465
215477
215637
216834
216836
217425
217426
217427
218556
218633
218668
219603
219604
220672
220801
221103
221167
221909
222702
222929
223376
223409
223429
223818
223819
224031
224212
224420
224443
224912
225338
225342
225359
225406
225431
225544
225610
226125
226126
226230
226302
227289
227321
227369
227714
227734
228215
228944
229533
229535
230003
230004
230073
230603
230801
230804
230806
230807
230808
230809
230810
230812
230819
230827
231218
231269
231916
231936
232081
232082
232088
234523
234535
234567
234568
235270
235271
235443
235510
235861
235862
235864
235870
236234
237561
238245
238551
239109
239206
240176
240216
240345
240499
241081
241408
241526
241714
242475
242507
242519
243110
243200
243211
244694
245174
245562
245834
246000
246006
246010
246021
246025
246028
246030
246045
246048
246069
246071
246081
246083
246088
246385
246386
246387
246404
246409
246410
246455
247546
247652
249398
249478
249486
249491
249492
251363
251372
251411
252184
252190
252197
252598
252740
252803
253101
253104
253288
253306
253309
253628
254056
254439
254876
254877
254901
255053
255212
255213
255214
255215
255361
255381
256645
258252
258253
258770
258902
258981
259368
259994
260050
260659
260670
260671
261098
261099
261270
261276
261282
261694
261697
262103
262245
262315
262916
262917
262918
264083
264141
264361
264483
264804
264951
264952
265104
265115
265193
265491
267478
267649
268346
268492
268505
269621
269771
271129
271218
271264
271274
271282
271313
271314
271315
271316
271317
271357
271359
271832
272712
272976
273131
273283
273371
273372
273506
273507
273861
273865
273872
278021
278024
278025
278026
278027
278131
278681
278769
278771
278938
278940
278942
278943
278944
278948
278952
279289
279322
279327
279361
279506
279518
279520
279523
279532
279732
279894
280036
280321
280322
280465
280587
280590
280591
280790
281068
281087
281842
282267
282268
282269
282270
282271
282272
282373
282569
283295
283312
283353
283354
283643
284117
284119
284135
284136
284543
284545
284591
284592
284811
284813
285006
285026
285217
285811
286112
286115
286159
286319
286406
286661
288439
288795
289078
289240
289425
290292
290576
291195
291208
291308
292466
292559
292717
292719
293227
293373
293374
293381
293382
293393
293559
293939
294746
294747
294748
294750
296797
297360
297637
297651
297653
297713
297794
297795
298208
298378
299031
299130
299329
300254
300276
300277
301207
301365
301367
301368
301477
301713
302913
303347
303672
303698
303699
304220
304223
304224
304332
305400
305860
306094
306125
306554
306582
306887
306890
306901
306902
307758
307796
307937
308745
308752
308923
308924
309746
310288
310453
310468
310910
311204
311239
312146
312200
312226
312227
312228
312317
312341
312342
312343
314023
314031
314037
314040
314043
314114
314116
314119
314128
315200
315204
315503
315933
315943
315945
315946
315950
317047
317048
318678
318710
318751
318760
318763
318774
318829
319420
319629
319631
321146
321614
321852
322104
323540
323545
324621
324705
324739
324740
324741
324742
324743
324744
325632
326039
326617
326622
326626
326628
326643
326644
326645
326647
326656
326657
326665
326681
326684
327058
327061
327079
327080
327505
327750
328473
329046
329642
329879
329884
329885
330517
330526
330535
330879
331117
331382
331638
331639
331657
332112
332229
332648
332754
332952
333113
333523
334123
334518
334819
335842
335848
335849
335850
335852
335854
336252
336722
336813
336963
337075
337446
337941
338240
338567
339359
340170
340414
341189
341454
341458
341663
342668
343501
343994
344589
344612
348312
348313
348314
348530
348617
348802
348901
349360
350623
350624
351239
352851
353542
353651
353897
353899
354080
354353
356546
357446
357447
357750
359148
359342
359797
360147
360150
360152
361812
362224
362226
362614
363177
363582
363999
364715
364733
366497
367097
367110
367775
368404
369742
370292
370302
371454
372025
373115
373712
374178
374272
374337
374343
374461
374759
374761
374762
374766
376703
377599
377600
377601
378041
378046
378047
378048
378051
378053
378056
378058
378059
378060
378194
378272
378274
378275
379508
380012
380146
380643
380661
380704
380880
381046
382530
382532
382647
383834
383835
383836
383837
383838
383839
383840
383855
386457
386627
387937
388557
388810
388835
388837
388839
388852
388854
388862
388871
388887
389665
390697
390894
390896
391823
391824
391825
391826
391827
392036
392261
392262
392263
392264
392265
392538
392613
394055
394536
394545
394676
394998
395010
396024
396571
396575
396776
398673
399469
399471
399783
400354
400361
400696
401625
402676
403063
403673
404692
404707
404712
405846
406256
406760
407270
408593
409207
409370
409893
410835
410836
411580
411585
413071
413836
415593
415705
416018
416441
416442
416450
417176
417177
417178
417184
417300
418086
418125
418126
418459
418497
418781
418784
418785
419775
420778
425109
425264
425265
426418
426428
427130
427292
430493
430498
430499
430562
431197
431199
431200
431241
432096
432099
432100
432108
432111
432112
432114
434039
434040
434042
434044
434046
434199
436288
436907
438356
438358
438768
439312
441959
441960
442469
443226
443868
444778
446223
446224
446911
447093
447095
447248
447254
447320
447321
447962
448051
451672
451674
451804
452579
452589
453956
454130
454284
454286
456248
456249
456251
456365
456999
457084
460514
460519
460523
460848
460853
460854
461319
461320
461321
462209
462210
462254
462795
463681
464025
466209
466936
466954
467805
467807
467808
467854
467864
467873
467874
467887
467888
467968
468558
468836
468837
469274
469275
469277
469304
469470
469471
469472
470064
470096
470147
470179
470181
470456
470485
471510
471837
471859
471861
473035
473037
473794
474922
475065
475428
475927
477509
479092
479094
479095
480051
480065
481877
482145
482377
482561
483437
483514
483707
485397
485398
485427
486041
487106
487107
487108
487109
487220
487627
487630
487661
488016
488412
489137
489715
489716
489717
490065
490066
490068
490069
490158
490159
490622
490708
490709
490887
491253
492091
493452
494059
495273
495276
495283
495285
495286
495287
495289
496997
496998
497107
497108
497109
497110
498019
498257
500148
500171
500485
500994
502779
502780
502869
507511
508457
508918
509241
509538
510516
510951
510952
510953
511160
511178
512061
515849
516970
516989
517384
517408
519963
520446
520522
520571
520572
522358
522482
522693
523103
526221
526243
526244
526733
526734
526922
526923
527531
527966
529468
529478
529654
530044
530045
535722
535747
537024
537474
537810
538528
538975
538976
539822
539823
539824
540059
543789
544464
544711
544712
545124
545451
545640
545651
545652
546991
550978
551772
553390
554155
554373
557324
557785
559292
559295
559297
559298
559304
559305
559882
560253
560359
560360
561152
561895
561896
561986
561989
562976
563466
563467
564305
564621
565419
565426
566037
566086
566460
568076
569361
569362
569365
569394
571087
572238
573041
573508
573729
573826
574655
574656
574774
574789
574961
575983
576137
577119
578093
578113
578455
578456
578457
578458
578459
578460
578461
578462
578684
579151
580046
580240
580330
582650
585013
585030
585594
586071
586073
586133
587033
587888
588596
588727
588809
589904
590646
591952
592007
593426
595255
595503
595635
596167
596496
597362
599730
599839
599851
600623
602034
602035
602072
604196
610337
619300
622360
626713
630390
632084
633669
635123
637633
638632
639368
640839
641392
641393
641851
643000
643001
643002
643219
643680
643907
644133
644134
644223
644352
644358
644589
644821
644822
644823
645133
645134
646526
647257
647933
648681
648682
650164
651138
652975
653446
653667
654392
654397
654400
654480
654496
655095
655819
655827
655844
655863
655981
656916
656917
657155
657494
658196
658358
658429
658444
658473
658763
658931
659244
660025
660027
660029
660034
660122
660469
661103
662516
663202
663331
664439
664898
665024
665079
665115
665665
665912
669021
669026
669869
669874
670483
670580
671064
671139
671140
671144
671929
671987
673463
673940
675120
675824
676150
676211
679434
679435
679534
679938
679940
680193
681940
682080
682598
683373
683840
683960
684364
684617
684837
685502
685557
685588
688394
688661
689838
690256
690259
690307
690873
690887
691171
692275
694068
694270
696024
696254
696354
696363
696918
698441
698492
698984
700344
701091
702011
702381
702382
702518
703135
703497
703511
703756
706196
706473
706553
706561
706581
706981
707240
707572
708070
708187
708192
708197
708437
709514
710243
713096
714430
714525
714657
714993
716892
717645
717646
717740
717741
717836
717944
717982
718367
721032
721885
723287
732165
741275
741276
741705
742152
743113
743114
743287
743301
743302
743927
744267
744408
744973
745358
745531
746128
746466
746467
746836
747089
747525
747657
747676
747725
748098
748099
748119
748121
749444
749465
749552
749563
749586
749589
749593
749598
749621
749627
749633
749634
749835
749889
751941
752004
752674
756607
756769
756770
756982
759272
759273
760013
763406
763407
763665
764097
764098
764099
764100
764101
764102
764103
764597
765257
765440
765867
765868
765915
766039
766055
766056
766057
766783
766949
767359
767483
767744
767769
767770
767780
768740
771870
794803
795803
795804
796026
796027
796325
796594
796604
796925
797090
797268
798071
798079
854826
856260
856822
857007
857340
857342
857566
858221
858296
858480
858579
858877
858892
858893
859387
860157
861056
861556
861557
864349
867872
869387
869388
869390
869754
870435
870730
871575
875184
876142
877506
877507
879098
879818
879819
879823
881290
881653
882904
882909
882916
882926
885923
886606
887101
887910
888744
889517
891392
891396
903552
903638
904239
904709
904902
906972
907289
907290
907291
907294
907339
907340
907738
907965
908347
909218
909944
911162
911321
911720
912112
912113
913774
914234
914238
925637
925639
925757
925758
926563
927244
927772
929235
929237
929585
929586
929587
929629
930089
930090
930091
930093
930990
930991
930992
931006
931890
931974
933084
933095
933119
933257
933388
933390
933852
933994
935214
935788
935791
936046
936053
936078
936130
936435
937743
939172
939174
942053
942860
942861
943250
944288
944289
945553
945690
946122
946123
946125
946187
946394
947035
947036
947037
947038
947039
947040
947041
947042
947043
947044
947045
947046
948311
948313
948595
977972
979145
979620
979670
979673
979688
979690
979697
979699
979702
979708
979712
979761
979765
979893
979981
980116
981350
983330
983339
983506
983644
983958
983964
983965
983966
983967
984092
984309
984485
984486
984487
984957
984962
985014
985138
985140
985141
985142
985143
985144
985145
985146
985147
985148
985895
986730
986946
988480
989654
989655
989973
990650
990691
991127
992199
993615
994086
994087
994334
996520
997633
997665
999809
999810
1001064
1001832
1001833
1001937
1001938
1002107
1002370
1003232
1003335
1004253
1004254
1005962
1005963
1006466
1007502
1007914
1008382
1016838
1016849
1016881
1026983
1026984
1027910
1028407
1028729
1031333
1032661
1032678
1032817
1033008
1033014
1033177
1033242
1033247
1033252
1033263
1033281
1033282
1033783
1034303
1034304
1034331
1035095
1035112
1035309
1035635
1036611
1036612
1036759
1036760
1036761
1036762
1036808
1037526
1037527
1037528
1037531
1037660
1040648
1041577
1041578
1041602
1041604
1041605
1041606
1041607
1041608
1041609
1041610
1041611
1041612
1041613
1042127
1042133
1042311
1042397
1042852
1043002
1043003
1043004
1043005
1043627
1043628
1045383
1045929
1046750
1047168
1047171
1048519
1048955
1049284
1050237
1051583
1051613
1051614
1051615
1051616
1051617
1051890
1051891
1052096
1052685
1052797
1052879
1052880
1053015
1053069
1053091
1053102
1053131
1053132
1053134
1053136
1053151
1053158
1053252
1053254
1053259
1053262
1053271
1056991
1069075
1069076
1069079
1069201
1069443
1069680
1070780
1071378
1071379
1071380
1071381
1071382
1071383
1072094
1072095
1072096
1072097
1072098
1072099
1072101
1072105
1072270
1072361
1072389
1073089
1073090
1073566
1074868
1074906
1075097
1075695
1076256
1076935
1077286
1077348
1077358
1077377
1077442
1078765
1078942
1079131
1079257
1079267
1079268
1080232
1080233
1080343
1080344
1080349
1081102
1081103
1081104
1081107
1081108
1081109
1081669
1081671
1081914
1081941
1086053
1086054
1086352
1086729
1087732
1087981
1088082
1089193
1089448
1089449
1089451
1089452
1089457
1089458
1089531
1089532
1089533
1089818
1091232
1093200
1093897
1093899
1093900
1094350
1094757
1094981
1094982
1094983
1094984
1094985
1094986
1094987
1094988
1094989
1094990
1094991
1094992
1094993
1094994
1094995
1094996
1094997
1094998
1094999
1095000
1095001
1095183
1095194
1095343
1095465
1095628
1095629
1095630
1095631
1097556
1099807
1099808
1101274
1104152
1105092
1105319
1107321
1108050
1108764
1108849
1109443
1111077
1111081
1111082
1111114
1111947
1111950
1115536
1115738
1116209
1116229
1116844
1116867
1116880
1116881
1117310
1117311
1117335
1117665
1118155
1122867
1122914
1124627
1125752
1125753
1125787
1125792
1125881
1125882
1126212
1126814
1126955
1127318
1127707
1128122
1128401
1128425
1130053
1130410
1130415
1130832
1131473
1131482
1131562
1131564
1131581
1131652
1131913
1132390
1132637
1132860
1133049
1134040
1134041
1134077
1136231
1136490
1136865
1136866
1136883
1137138
1137211
1140402
1141098
1142140
1143185
1143189
1143193
1143261
1143271
1144355
1144731
1145299
1145322
1145348
1146887
1147111
1147731
1149710
1149723
1149755
1149757
1149848
1149849
1150643
1150837
1151026
1151754
1156157
1156164
1156456
1156965
1156966
1157608
1157616
1158138
1159556
1160497
1160506
1160507
1160509
1162309
1162671
1162672
1162673
1162674
1163405
1163406
1163567
1163632
1163633
1163634
1163636
1163637
1163638
1163639
1163640
1163641
1163642
1163643
1163644
1163645
1163646
1163647
1163648
1165368
1165373
1165456
1165457
1165458
1165861
1165933
1167255
1167516
1167532
1167601
1167838
1168221
1168544
1168545
1168546
1169046
1169566
1170229
1170230
1170579
1170767
1171599
1171601
1172177
1173061
1173306
1173595
1173693
1173701
1173702
1173715
1173716
1174670
1174673
1174676
1174677
1174678
1176127
1176131
1176355
1176388
1176389
1176733
1177187
1178016
1181316
1181319
1181997
1182531
1182532
1182533
1182534
1182535
1182536
1182537
1182538
1182539
1182540
1182541
1182542
1182543
1182544
1182545
1182966
1182967
1182968
1183333
1185379
1185846
1186037
1186058
1187901
1187904
1187911
1187925
1187928
1187938
1187941
1187951
1191159
1191702
1192212
1193015
1194211
1194242
1194543
1194544
1194545
1194566
1194607
1194636
1195189
1195481
1195775
1196081
1196395
1196560
1196635
1197718
1198029
1198496
1198497
1198499
1198500
1198501
1198502
1199091
1200837
1200839
1200864
1201112
1202531
1202554
1202976
1207386
1207388
1208345
1208366
1208580
1208917
1209068
1209592
1209916
1209917
1209918
1209924
1209925
1209926
1209931
1209932
1209934
1209964
1211002
1212665
1212667
1213189
1213350
1213351
1213353
1213857
1213859
1213867
1214527
1214568
1214573
1215328
1215329
1215330
1215331
1215332
1215334
1215335
1215336
1215337
1215338
1215339
1215341
1215355
1215361
1215603
1215685
1215731
1216071
1216348
1217316
1217581
1217582
1217583
1217584
1217798
1218708
1219519
1220162
1220188
1220191
1220201
1220204
1220205
1220206
1220207
1220208
1220210
1220494
1220924
1220926
1224258
1225178
1226010
1226778
1226780
1226784
1227346
1227364
1227655
1227659
1227742
1229076
1229178
1229662
1229664
1230055
1230056
1230057
1230058
1230059
1230060
1230061
1230062
1230063
1230064
1230065
1230066
1230067
1230068
1230069
1230070
1230071
1230072
1230073
1230075
1230076
1230077
1230078
1230079
1230080
1230081
1230097
1230121
1230383
1230402
1230527
1230904
1230905
1231202
1231522
1231523
1231657
1232584
1233043
1233435
1234224
1234609
1234776
1234797
1235602
1235837
1237067
1237068
1237069
1237073
1237075
1237896
1238391
1240226
1240227
1240240
1240657
1241557
1243767
1245528
1245745
1245748
1245769
1246581
1246595
1247836
1247861
1247866
1247875
1249076
1249861
1250369
1250372
1250544
1253868
1254403
1254446
1258663
1258690
1258691
1260050
1260070
1262393
1262394
1262395
1262396
1262450
1263082
1263415
1263492
1263500
1264588
1264691
1265596
1266666
1266667
1266714
1266715
1266744
1266764
1266766
1266767
1266769
1266822
1268270
1268274
1268659
1269715
1271458
1271791
1274781
1274784
1274785
1274786
1274787
1274788
1274790
1274791
1274792
1274793
1274794
1276136
1276141
1276143
1276169
1276170
1276217
1276504
1276529
1276532
1276537
1276538
1277687
1278218
1278223
1278228
1278234
1278899
1279043
1279085
1279086
1279113
1279114
1279115
1279116
1279117
1279475
1279476
1279477
1279478
1279480
1279481
1279482
1279483
1279484
1279486
1279998
1280295
1280523
1280524
1280837
1281297
1282272
1282274
1282276
1282279
1282282
1283758
1283759
1283841
1283842
1284197
1284353
1284706
1286916
1286918
1286919
1286976
1287680
1287681
1287682
1287689
1288291
1290212
1290391
1290454
1291517
1291518
1291519
1291520
1292256
1292971
1293430
1293533
1294127
1294303
1294304
1294305
1294306
1294307
1294308
1294309
1294310
1294311
1294312
1294313
1294314
1294315
1294316
1294317
1294318
1294319
1294320
1294321
1294322
1294323
1294324
1294325
1294326
1294327
1294328
1294329
1294330
1294331
1294332
1294333
1294334
1294335
1294336
1294337
1294338
1294339
1294340
1294341
1294342
1294343
1294344
1294345
1294346
1294347
1294348
1294349
1294350
1294351
1294352
1294353
1294354
1294355
1294356
1294357
1294358
1294359
1294360
1294361
1294362
1294363
1294364
1294365
1294366
1294367
1294368
1294369
1294370
1294371
1294372
1294373
1294374
1294375
1294376
1294377
1294378
1294379
1294380
1294381
1294382
1294383
1294384
1294385
1294386
1294387
1294388
1294629
1294630
1294638
1294639
1294685
1295094
1295359
1295528
1295531
1295533
1295534
1296096
1296100
1296101
1296102
1296103
1296104
1296105
1296106
1296107
1296108
1296109
1296110
1296111
1296112
1296117
1296118
1296119
1296120
1296121
1296122
1296123
1296266
1297587
1297591
1298852
1299270
1300066
1300067
1301101
1301102
1301336
1301418
1301419
1301515
1301520
1301521
1301586
1301589
1301609
1302712
1303443
1303515
1303587
1303644
1303645
1303715
1303716
1303940
1304134
1304135
1304137
1304712
1305733
1305764
1305767
1305769
1306134
1306135
1306350
1306850
1306861
1307805
1307807
1307827
1307830
1310232
1313167
1314663
1314666
1314667
1314669
1314670
1314672
1314674
1314675
1314677
1314678
1314770
1314771
1314773
1314774
1314776
1314777
1314778
1314779
1314780
1314781
1314782
1314783
1314784
1314785
1314786
1314787
1314788
1314789
1314790
1314798
1314799
1314800
1314801
1314802
1314806
1314807
1314846
1316150
1316194
1316740
1316785
1316786
1316788
1321243
1321244
1323751
1323752
1323753
1323754
1323836
1324310
1324776
1325293
1325514
1325520
1325616
1325634
1325723
1325733
1325734
1325736
1325737
1325738
1326887
1326888
1326890
1326892
1326893
1326894
1328300
1328754
1328756
1328758
1328759
1328760
1329386
1330018
1330021
1330326
1331196
1331945
1331946
1331972
1332765
1333629
1333698
1333699
1334442
1335646
1336337
1337055
1337056
1337057
1337058
1337061
1337062
1337065
1337113
1337645
1337648
1337662
1337664
1337665
1337666
1340008
1340010
1340428
1340429
1341132
1342318
1343043
1343157
1343394
1343610
1343614
1343870
1344040
1344059
1344414
1344416
1344418
1344566
1346257
1346603
1346820
1347389
1347390
1347418
1348612
1348616
1348879
1349383
1351455
1352823
1352824
1352834
1353007
1353008
1353009
1353952
1353983
1354741
1354746
1354908
1354910
1354913
1354915
1354918
1354920
1355144
1355150
1355160
1355161
1355219
1355225
1355412
1355919
1356009
1357676
1357677
1357678
1357679
1357680
1357681
1357682
1357683
1357685
1357686
1357687
1357688
1357689
1357690
1357691
1357693
1357716
1358809
1358880
1365484
1365815
1365816
1365824
1365886
1365887
1367079
1367422
1367536
1367537
1367538
1367539
1367540
1367541
1367542
1378263
1378264
1379160
1379279
1379296
1379400
1380566
1381753
1381934
1381935
1382202
1382203
1382206
1382505
1382522
1383395
1385412
1385972
1385988
1385989
1385990
1385991
1385992
1385994
1387563
1387711
1388766
1389203
1389956
1390368
1391043
1391699
1391915
1392242
1392243
1392245
1392246
1392247
1392248
1392250
1392251
1392255
1392256
1392788
1395126
1395130
1396488
1396493
1396496
1397036
1397322
1397361
1398154
1398216
1398758
1399625
1399639
1399860
1400345
1400700
1400760
1400762
1400770
1401085
1402413
1403190
1403191
1404347
1405084
1405085
1405377
1405378
1405422
1405805
1406312
1406313
1406948
1407458
1408157
1408161
1408163
1408657
1408658
1412970
1414443
1414444
1414615
1414634
1417757
1417759
1418860
1419009
1419113
1420601
1420901
1420902
1420906
1420907
1420908
1420909
1420910
1420911
1420912
1420913
1420914
1420915
1423150
1423351
1423913
1423914
1424426
1424467
1424756
1425883
1427455
1427494
1429090
1429780
1429867
1431717
1431937
1432141
1432307
1433469
1434269
1435034
1435070
1435455
1435980
1436007
1436175
1436176
1436177
1436216
1436886
1436940
1436941
1437362
1437433
1437815
1437857
1437871
1439348
1439349
1439350
1439351
1439352
1440133
1440152
1440153
1441051
1441468
1441469
1442076
1442368
1442369
1442370
1442371
1442378
1443073
1443074
1445009
1445506
1445577
1447872
1447875
1447883
1447943
1447944
1448308
1448309
1448310
1448311
1448312
1448313
1448314
1448315
1448316
1448317
1448318
1448319
1448320
1448321
1448322
1449382
1449804
1450172
1450529
1450533
1450534
1450535
1450536
1450537
1450538
1450539
1450541
1450552
1450755
1450757
1450758
1450759
1450760
1451142
1451240
1453789
1453791
1453797
1453798
1453799
1455713
1457509
1457510
1457511
1457512
1457513
1457650
1458898
1460239
1460421
1460502
1460663
1461596
1461763
1463999
1464785
1468137
1469910
1470396
1470621
1471999
1472694
1476604
1477011
1480121
1481906
1484642
1484957
1485227
1485228
1485229
1485682
1485946
1486343
1486700
1487346
1489628
1489893
1490871
1491008
1491104
1491457
1491466
1491472
1491479
1495895
1495898
1495899
1496277
1497375
1500003
1500509
1501327
1501415
1504575
1504668
1506149
1506151
1506179
1506548
1506549
1506954
1506992
1507543
1507867
1507870
1507873
1508187
1509407
1513325
1513339
1514897
1517512
1518595
1519030
1520584
1522189
1522478
1524831
1526222
1526549
1527289
1530391
1531966
1536484
1537989
1538145
1538147
1538149
1538176
1538178
1538179
1538180
1538181
1538182
1538183
1538184
1538186
1538187
1538424
1538653
1540003
1540079
1540335
1540922
1543685
1543687
1546026
1548389
1548787
1548791
1550288
1555241
1561947
1562058
1562060
1562163
1562205
1562280
1562958
1564247
1564914
1564929
1565506
1566340
1566354
1566825
1567481
1567482
1567537
1567539
1567540
1567541
1567543
1567544
1567552
1568907
1569044
1569628
1569994
1569995
1571107
1571108
1571157
1571656
1573173
1576472
1576474
1576486
1576542
1576625
1578920
1578925
1579977
1580211
1580212
1580213
1580834
1580835
1580836
1580837
1580841
1580842
1580848
1580850
1580854
1580858
1580861
1580864
1580867
1580871
1582338
1582974
1585795
1586249
1586323
1587512
1589764
1590080
1590118
1590122
1590126
1590129
1592451
1593264
1603057
1603060
1603062
1603295
1603990
1604274
1604329
1604330
1604332
1604333
1608523
1609114
1609947
1610689
1610694
1611796
1612424
1615888
1616224
1617101
1617102
1618059
1620687
1622147
1622148
1622149
1622150
1622260
1623583
1628656
1628683
1629402
1629917
1633207
1633209
1634478
1634500
1634535
1634537
1634538
1634941
1635080
1635095
1635097
1635098
1635099
1635100
1635101
1635102
1639000
1640340
1640341
1643523
1649127
1649128
1649129
1649237
1649241
1651941
1651947
1652704
1653766
1654605
1656924
1658174
1658444
1659837
1659843
1659845
1659846
1661728
1661730
1662659
1663498
1663500
1663501
1663520
1664388
1664694
1667296
1667297
1667614
1670608
1671306
1671311
1672016
1673728
1673888
1677696
1678846
1681229
1682393
1684307
1684324
1686168
1689458
1689686
1690604
1690605
1690606
1690608
1691418
1695224
1697385
1697386
1697387
1699422
1699426
1699678
1701548
1701723
1701727
1702300
1708541
1709381
1709396
1709411
1709934
1709935
1709936
1709937
1709939
1709940
1709941
1712513
1712568
1714400
1714406
1714833
1715222
1715230
1715234
1718849
1718875
1720237
1720522
1725355
1734004
1734106
1734212
1735277
1735278
1735279
1735280
1735992
1736662
1736665
1737316
1738132
1738887
1739110
1740625
1740738
1745186
1745187
1745969
1748403
1748404
1748405
1749284
1750568
1751885
1751990
1752145
1754190
1754191
1754192
1755894
1756107
1756110
1756826
1758292
1758316
1758317
1758318
1758464
1758543
1758544
1758741
1758874
1758876
1759314
1759441
1763456
1769366
1769792
1769908
1770614
1770616
1771980
1774096
1774284
1774706
1774708
1775113
1775924
1775925
1775926
1777931
1779456
1780084
1788519
1789211
1789683
1792511
1796055
1799007
1802957
1803070
1803374
1803809
1803897
1803937
1804209
1805481
1805483
1805982
1806559
1806994
1807681
1807683
1807684
1807685
1807686
1807687
1807688
1807689
1808323
1810333
1810667
1810905
1810906
1810908
1810909
1810910
1810914
1810916
1810919
1810923
1810925
1810926
1810928
1810929
1812306
1813822
1814901
1818021
1819164
1821822
1821823
1824868
1825620
1825666
1833960
1835702
1836197
1836592
1836956
1837245
1837266
1837270
1844838
1846254
1849047
1850345
1850975
1850976
1850977
1851006
1851181
1851183
1851185
1851187
1851511
1852163
1853550
1854472
1854479
1857663
1857762
1857763
1858805
1859096
1859122
1859699
1859967
1859971
1864610
1866961
1868146
1868870
1868926
1868927
1869273
1871365
1871380
1871389
1871392
1873265
1873349
1873369
1873960
1882269
1882272
1882483
1882861
1882900
1883072
1883073
1883078
1883080
1884261
1884262
1884799
1888986
1890683
1891166
1891968
1892477
1892630
1892770
1894963
1895944
1896173
1896174
1896178
1896179
1896180
1896182
1896183
1896185
1896186
1896187
1896188
1896189
1896190
1896192
1896193
1897644
1897645
1897646
1897647
1897648
1898124
1903189
1903569
1904413
1904429
1906498
1907218
1907219
1907220
1907226
1907519
1907521
1911678
1912490
1912491
1912844
1912932
1912936
1912939
1912981
1912982
1912983
1912989
1913371
1914044
1914049
1914213
1914294
1914746
1914773
1915362
1916365
1918494
1918518
1920933
1920939
1921599
1923975
1926264
1926583
1927788
1928478
1928479
1929756
1930190
1930201
1930691
1930695
1930696
1931374
1931375
1931376
1932122
1932123
1932322
1933427
1934327
1934353
1934374
1934379
1936035
1937702
1938578
1938712
1938904
1938905
1938954
1939665
1940294
1940295
1940296
1940300
1940567
1940568
1940652
1940663
1943667
1943670
1943671
1943672
1944132
1944661
1949210
1954211
1954212
1954250
1954473
1955053
1955123
1955134
1955135
1955263
1955266
1955268
1955577
1955775
1960856
1960876
1963815
1964301
1964551
1965284
1966363
1967635
1967640
1968852
1972497
1973307
1974180
1974281
1978360
1979430
1979465
1980225
1981605
1983619
1986077
1986089
1986327
1987369
1987568
2004951
2004952
2006383
2006384
2008363
2008544
2010991
2011672
2011687
2011732
2011818
2011826
2011979
2012036
2012262
2012379
2012386
2012860
2013060
2014815
2015389
2015914
2016019
2016213
2016214
2016321
2016387
2017508
2017516
2018698
2019549
2019550
2020480
2020907
2020955
2020962
2021029
2021037
2021124
2022760
2023133
2024903
2025524
2025994
2027526
2027527
2027528
2028339
2028340
2029751
2029752
2030778
2031085
2033813
2034170
2034171
2034712
2035816
2035830
2036197
2036904
2036906
2036908
2037899
2039271
2039272
2039273
2039874
2039875
2040897
2041049
2041279
2042821
2043490
2043610
2043611
2044991
2048520
2048672
2050963
2050978
2051560
2051580
2053387
2053456
2053457
2053458
2053459
2053460
2054620
2054621
2056292
2057973
2058121
2059318
2059436
2059437
2059438
2059439
2059718
2060155
2060159
2060699
2060905
2060906
2060913
2060934
2060973
2064830
2064837
2064838
2064841
2064934
2065218
2065442
2066127
2066500
2066501
2066989
2067060
2068111
2070412
2070413
2070414
2070753
2070801
2074759
2074819
2074942
2075069
2075204
2075311
2075361
2075419
2077152
2078556
2078565
2078593
2078661
2080612
2080615
2080616
2081332
2081634
2082120
2082293
2082308
2082529
2082708
2082957
2086299
2086305
2086344
2086405
2093215
2093777
2093779
2093780
2093782
2093908
2094518
2094712
2100454
2107715
2107762
2108296
2109901
2116648
2116649
2126181
2126284
2126718
2126720
2126942
2135911
2135913
2135914
2135915
2135916
2135917
2135918
2135919
2136021
2136032
2136033
2136145
2138086
2138087
2138324
2153245
2153246
2153247
2153248
2163413
2164018
2169424
2169425
2172111
2172112
2172115
2172118
2172398
2173144
2173148
2174988
2175846
2175873
2175906
2175907
2175962
2175963
2175964
2175965
2175966
2175967
2175968
2175969
2175970
2175971
2175972
2175973
2175974
2175975
2175976
2175977
2182574
2182807
2184023
2184029
2184030
2184031
2184411
2185136
2201240
2201244
2201245
2201247
2201248
2202573
2203075
2203076
2211609
2211642
2211643
2211644
2211645
2211646
2211647
2211651
2211668
2212625
2213018
2217878
2219007
2231603
2231729
2233981
2234040
2234043
2234045
2248764
2249417
2249418
2249419
2249420
2249482
2250278
2250598
2250717
2259629
2259763
2259768
2259870
2267551
2267552
2268037
2268375
2268382
2268384
2268990
2268991
2268992
2268993
2268995
2282106
2282107
2283411
2283686
2283846
2283848
2294038
2301244
2302991
2303735
2303736
2304317
2304319
2304649
2304650
2304651
2305101
2305253
2306333
2306334
2306335
2306336
2306337
2306338
2306339
2306340
2306341
2306342
2306343
2306344
2306345
2306346
2306347
2306348
2306349
2306350
2306442
2306475
2315449
2316157
2316158
2316362
2320235
2320239
2320247
2321191
2338527
2340872
2364153
2364996
2419934
2421284
2447956
2448088
2448255
2478750
2478898
2478900
2479935
2480587
2482753
2483983
2484740
2486360
2486652
2486653
2487000
2487125
2487154
2487584
2487631
2488734
2488735
2488738
2488742
2488753
2488754
2490640
2491030
2494463
2494464
2494465
2494466
2494467
2494468
2495903
2495910
2496822
2497783
2498619
2498835
2499830
2502994
2502998
2502999
2508582
2508942
2509447
2511225
2512241
2512252
2512253
2512254
2512255
2512256
2512257
2512258
2512259
2512260
2518133
2518135
2528264
2528332
2528333
2528406
2528407
2528786
2530061
2545709
2546340
2546457
2548433
2559221
2559222
2559223
2559224
2559225
2559226
2559227
2559228
2559229
2559230
2559231
2562287
2562440
2562441
2562442
2562443
2562444
2562445
2562446
2562471
2562755
2562764
2563089
2563725
2569847
2570299
2570311
2570895
2571106
2572656
2572875
2575408
2575987
2576851
2582783
2583354
2583356
2583357
2583358
2583359
2583360
2583362
2583363
2583364
2583365
2587388
2587402
2587410
2587412
2587417
2587418
2588326
2588329
2588716
2588717
2591691
2591888
2591889
2591900
2592597
2592879
2593060
2594535
2594811
2594820
2594821
2596785
2596946
2596947
2596968
2596969
2596970
2596971
2596975
2600201
2600202
2600203
2600204
2600205
2600206
2600207
2600209
2600210
2600211
2600212
2600213
2600214
2600215
2600216
2600220
2600221
2600222
2600223
2600224
2600225
2600226
2600227
2600228
2600229
2600231
2600232
2600313
2601501
2601502
2601811
2602009
2604345
2605921
2606854
2606893
2606995
2607230
2608779
2609453
2609844
2613877
2613904
2614573
2614575
2614577
2614580
2614582
2614583
2614584
2614585
2614586
2614587
2614588
2614589
2614590
2614591
2614592
2614595
2614599
2614600
2614602
2614606
2614607
2614608
2614609
2614610
2614611
2614616
2614618
2614620
2614626
2615122
2650707
2650738
2651129
2652143
2652144
2652145
2653477
2654375
2654411
2654412
2654413
2654564
2654850
2654861
2655010
2656787
2663364
2663365
2663366
2663370
2663373
2663374
2663375
2663376
2663875
2663876
2663877
2663878
2663879
2663880
2663881
2663882
2663883
2663884
2663885
2663886
2663887
2663888
2663889
2663890
2663891
2663892
2663893
2663894
2663895
2663896
2663897
2663898
2663899
2663900
2663901
2663902
2663903
2663904
2663905
2663906
2663907
2663908
2663909
2663910
2663911
2663912
2663913
2663914
2663915
2663916
2663917
2663918
2663919
2663920
2663921
2663922
2664346
2664923
2666182
2670338
2670339
2670340
2670341
2670342
2670343
2670344
2670775
2670776
2675880
2675883
2678603
2678610
2681688
2682911
2682914
2682957
2684246
2686198
2687229
2687245
2691012
2691128
2692146
2692427
2692428
2694992
2695271
2695822
2696075
2696576
2697237
2698418
2698477
2698480
2699241
2699242
2699371
2699536
2704026
2704106
2704139
2704155
2704157
2704158
2704159
2704583
2708283
2708284
2708285
2710536
2713060
2714548
2714763
2715451
2715684
2715920
2717166
2717280
2717536
2717575
2720512
2720561
2720662
2723227
2723393
2723674
2723787
2724196
2724198
2724200
2724204
2724207
2724210
2724211
2724214
2724215
2724216
2724994
2724995
2724996
2724997
2724998
2724999
2725000
2725329
2725673
2726395
2727724
2728038
2728926
2729611
2729612
2730676
2730677
2730933
2732417
2732418
2732419
2732470
2732573
2733465
2733690
2735257
2735258
2735509
2736616
2737038
2738401
2739387
2740751
2744576
2745533
2745882
2745884
2746219
2747437
2747443
2747967
2747968
2748660
2748771
2750198
2752591
2752694
2752695
2753775
2754530
2756246
2756247
2756248
2756249
2756250
2756251
2756252
2758378
2760385
2761086
2761390
2761391
2761393
2761395
2761396
2761397
2761399
2761401
2761402
2761403
2761405
2761407
2761417
2761419
2761420
2761427
2761428
2762518
2762561
2762668
2763128
2763130
2765005
2767002
2768407
2768839
2768840
2768841
2768925
2769066
2770021
2770022
2770023
2770024
2770025
2771931
2773459
2773714
2773715
2773716
2774352
2776139
2776169
2776170
2776171
2778097
2778101
2778371
2778372
2778373
2778374
2778375
2778381
2778382
2778755
2778778
2778779
2779863
2779951
2779953
2781224
2781958
2783875
2784343
2784450
2785798
2786946
2786947
2788929
2788930
2789218
2789223
2789224
2789225
2789312
2789314
2789315
2789316
2789317
2789320
2789322
2789323
2789324
2789329
2789331
2789340
2789341
2789344
2789345
2789346
2789347
2789348
2789349
2789350
2789351
2789352
2789356
2789357
2789359
2789360
2789361
2789366
2789580
2790277
2790278
2791105
2792439
2792440
2792441
2792576
2795749
2796175
2796495
2798787
2799457
2800115
2801328
2801446
2802314
2802315
2802316
2802318
2802319
2802320
2802321
2803007
2803123
2803124
2803125
2803126
2803127
2803128
2803129
2803133
2803134
2803135
2803136
2803137
2803138
2803140
2803914
2804201
2804499
2804957
2804958
2804960
2804962
2805069
2806465
2806626
2806627
2809032
2810294
2810443
2810475
2811287
2811469
2811470
2811473
2811474
2811475
2811476
2811477
2813651
2814595
2815426
2817039
2817041
2817042
2818452
2818455
2818456
2819901
2819925
2820125
2820137
2820138
2821657
2821753
2821754
2822231
2823209
2823264
2823370
2823655
2823771
2823925
2824670
2824782
2824783
2826080
2826081
2826082
2826930
2828524
2828659
2829415
2829485
2829486
2830617
2831041
2831172
2831173
2831512
2834069
2834309
2834323
2835763
2835764
2835765
2835766
2837572
2838327
2838793
2838794
2838795
2838796
2838797
2838798
2838799
2838800
2838801
2838802
2838803
2838804
2838810
2838811
2838812
2838813
2839758
2839924
2839952
2840191
2840192
2840197
2840199
2840201
2840206
2840210
2840224
2840238
2840239
2840242
2840247
2840248
2840250
2840251
2840254
2840261
2840264
2840267
2840270
2841190
2841853
2841858
2841860
2841861
2841863
2841868
2841978
2841979
2842202
2842254
2842267
2842273
2842275
2842277
2842278
2842279
2842282
2842283
2842284
2842285
2849017
2849843
2849844
2849845
2849846
2849847
2849848
2849849
2849850
2849851
2849852
2849853
2849854
2849855
2849856
2849857
2849858
2849859
2849860
2849861
2849862
2849863
2849864
2850881
2853973
2857063
2857109
2857486
2859242
2859415
2859418
2859419
2860122
2860203
2860204
2860363
2860394
2860395
2860397
2860398
2860400
2860823
2861705
2861706
2861751
2862157
2862362
2862414
2862415
2862417
2862495
2863086
2866339
2866341
2866342
2866343
2866344
2866345
2866347
2866348
2866349
2866350
2866351
2866352
2866353
2866354
2866355
2866356
2866357
2866358
2866359
2866360
2866361
2866362
2866363
2866364
2866365
2866366
2866367
2866368
2866369
2866370
2866371
2866372
2867042
2867405
2870669
2870670
2870823
2871781
2871812
2873768
2873843
2873908
2873936
2874188
2874382
2874508
2875633
2878918
2879425
2879429
2879843
2880258
2881482
2883503
2884725
2884823
2884959
2885382
2885761
2886095
2886096
2886097
2886098
2886099
2886100
2886949
2888491
2891587
2894279
2894280
2894281
2894282
2894283
2894284
2894285
2894516
2894517
2894562
2895399
2895620
2895621
2895622
2896643
2897819
2897820
2897833
2898081
2898082
2898083
2898424
2898425
2898426
2898453
2898544
2898545
2899117
2899146
2901197
2901242
2901243
2901249
2901252
2901253
2902605
2903220
2903221
2903222
2903223
2904841
2904842
2904843
2905665
2905937
2905938
2905939
2906079
2906646
2906772
2907238
2908285
2909583
2909834
2911076
2913085
2913522
2916467
2917766
2917767
2918519
2918520
2918522
2918822
2918823
2918826
2918936
2923028
2923029
2923287
2925319
2926464
2929574
2929575
2929935
2932460
2932746
2937421
2937422
2937423
2937424
2937425
2937426
2937427
2937428
2937429
2938339
2939271
2939398
2939399
2939400
2939402
2939403
2939404
2939405
2939406
2939407
2939408
2939410
2939412
2939513
2939514
2939515
2939516
2939517
2939518
2939519
2939520
2939521
2939522
2939523
2939524
2939525
2939526
2939527
2939528
2939529
2939530
2939531
2939532
2939533
2939534
2939535
2939537
2939538
2939539
2939540
2939541
2939542
2939543
2939544
2939545
2939547
2939548
2939549
2939550
2939551
2939552
2939553
2939554
2939555
2939556
2939557
2939558
2939559
2940214
2940321
2940322
2940323
2940324
2940325
2940326
2940327
2940328
2940329
2940330
2940331
2940332
2940333
2940334
2940335
2940336
2940337
2940338
2940339
2940340
2940341
2940342
2940343
2940344
2940345
2940346
2940347
2940348
2940349
2940350
2940351
2940352
2940353
2940354
2940355
2940356
2940357
2940358
2940359
2940360
2940361
2940362
2940363
2940364
2940365
2940366
2940367
2940368
2940369
2940370
2940371
2940372
2940373
2940374
2940375
2940376
2940377
2940378
2940379
2940380
2940381
2940382
2940383
2940384
2940385
2940386
2940387
2940388
2940389
2940390
2940393
2940394
2940395
2940396
2940397
2940398
2940399
2940400
2940401
2940402
2940403
2940404
2940405
2940406
2940407
2940408
2940409
2940410
2940411
2940412
2940413
2940414
2940415
2940416
2940417
2940418
2940419
2940420
2940421
2940422
2940423
2940424
2940425
2940426
2940427
2940428
2940429
2940430
2940431
2940432
2940433
2940434
2940435
2940436
2940437
2940438
2940439
2940440
2940441
2940442
2940443
2940444
2940445
2943199
2944586
2944687
2944688
2944689
2944690
2944691
2944692
2944693
2944694
2944695
2944696
2944697
2944893
2944894
2944895
2946653
2949038
2949039
2949040
2949268
2949312
2950008
2950499
2950500
2950501
2950502
2950503
2950504
2950505
2950506
2950507
2950508
2950509
2950510
2950511
2950512
2950513
2950514
2950980
2951361
2951362
2951365
2951366
2951723
2954774
2954835
2962708
2963890
2970138
2970998
2972119
2972120
2972122
2972123
2973949
2973950
2975142
2978355
2978356
2978357
2978358
2978359
2978360
2978601
2978602
2978603
2978604
2978605
2978606
2979956
2981859
2983309
2983310
2984836
2987684
2987685
2989761
2989762
2989763
2991264
2993619
2993620
2993621
2993622
2993623
2993624
2993625
2993626
2993627
2993628
2993629
2993630
2993631
2993632
2993633
2993634
2993635
2994517
2996322
2996542
2996543
2996544
3003410
3003414
3003415
3003416
3003417
3004212
3014059
3014060
3016355
3016363
3016379
3016916
3017170
3021424
3021964
3025424
3025427
3025428
3026404
3026959
3027140
3027583
3027962
3027963
3027964
3028765
3031063
3031151
3031639
3031751
3033834
3034288
3036662
3036682
3037678
3038892
3038893
3038894
3039483
3039814
3039815
3039824
3040156
3040894
3040895
3040901
3040995
3041003
3041081
3041082
3041820
3042738
3043228
3044176
3044270
3044413
3044414
3044587
3045934
3048522
3049762
3049824
3050090
3053730
3058965
3059160
3060474
3061949
3062170
3062267
3063971
3063972
3063973
3063974
3063975
3063976
3063977
3063978
3063979
3063980
3063981
3063982
3063983
3063984
3065222
3069016
3071430
3071767
3074142
3074456
3074715
3075358
3075839
3079028
3079041
3081051
3081374
3086987
3092085
3092684
3092685
3092686
3092690
3092693
3092694
3092695
3092696
3092698
3092699
3092701
3092702
3092703
3092704
3092705
3092706
3092707
3092708
3092709
3092710
3092712
3092713
3092715
3092716
3092718
3092719
3092722
3092723
3092724
3092725
3092726
3092727
3092728
3092730
3092731
3092732
3092733
3092736
3092739
3092740
3092742
3092743
3092744
3092745
3092746
3092747
3092748
3092749
3095026
3095450
3095451
3095452
3095453
3095454
3095455
3095456
3095457
3095458
3095459
3095460
3095461
3095462
3095463
3095464
3095465
3095466
3095467
3095468
3095469
3095470
3095471
3095472
3095473
3095474
3095475
3095476
3095477
3095478
3095479
3095480
3095481
3095483
3095484
3095485
3095486
3095487
3095488
3095489
3095490
3095491
3095492
3095493
3095494
3095495
3095496
3095497
3095498
3095499
3095500
3095501
3095502
3095503
3095504
3095505
3095506
3095507
3095508
3095509
3095511
3095512
3095513
3095514
3095515
3095517
3095518
3095519
3095520
3095521
3095522
3095523
3095524
3095525
3095526
3095527
3095528
3095529
3095530
3095531
3095533
3095534
3095535
3095536
3095537
3095538
3095539
3095540
3095541
3095542
3095543
3095544
3095545
3095546
3095547
3095548
3095549
3095550
3095616
3095617
3095618
3097288
3103959
3103960
3104224
3104225
3105837
3107920
3108421
3108422
3108682
3108732
3108733
3108734
3108735
3110587
3110790
3111108
3111109
3111110
3111918
3111919
3112566
3112611
3112614
3113205
3113568
3113569
3113570
3113571
3113572
3113573
3113574
3113575
3113576
3113577
3113578
3113579
3113580
3113581
3113582
3113583
3113584
3113988
3114035
3114933
3115215
3115216
3115217
3115218
3115219
3115220
3115506
3115507
3118639
3119160
3119571
3120040
3120042
3120211
3120226
3121250
3121251
3123294
3126044
3126045
3128507
3128546
3128547
3129044
3132711
3134558
3134559
3134564
3134566
3134567
3134568
3134569
3134570
3134571
3134572
3134573
3134574
3134575
3134576
3134577
3134578
3134579
3134580
3134581
3134582
3134583
3134585
3134586
3134587
3134588
3134589
3134590
3134591
3134592
3134593
3134594
3134595
3134597
3134598
3134599
3134600
3134601
3134602
3134603
3134604
3134605
3134606
3134607
3134608
3134609
3134610
3134611
3134612
3134613
3134614
3134615
3134616
3134617
3134618
3134620
3134621
3134622
3134623
3134624
3134625
3134626
3134627
3134628
3134629
3134630
3134631
3134632
3134887
3137031
3137033
3140254
3141447
3142527
3143927
3151616
3151753
3151754
3151755
3151832
3158075
3158089
3158174
3158175
3158233
3161159
3163303
3163698
3228681
3228682
3228683
3232301
3234166
3234167
3234173
3234839
3239297
3240953
3241324
3243294
3252758
3252759
3299054
3315602
3315603
3323875
3344515
3349426
3349763
3366837
3366838
3367393
3367398
3367401
3367737
3375984
3376679
3377672
3379937
3379938
3380382
3383035
3383036
3383038
3390039
3391607
3391608
3392078
3392184
3396955
3398184
3404847
